Earnings
45.0
41.5
92.81
41.5
18.65
84.38
41.5
101.25
50.62
41.5
84.38
87.19
41.5
33.75
101.25
41.5
30.94
41.5
41.25
20.62
10.31
75.62
41.5
41.5
53.0
37.5
37.5
41.5
30.94
44.0
65.31
37.5
2.42
20.63
37.5
41.5
41.5
26.25
50.0
41.5
30.94
37.5
37.5
41.5
37.5
37.5
37.5
34.37
46.88
34.37
37.5
15.0
20.71
59.38
37.5
59.38
40.63
28.13
14.06
50.0
9.38
37.5
45.0
9.38
15.0
55.0
37.5
37.5
45.0
25.0
30.94
37.5
41.5
33.75
35.62
80.25
37.5
37.5
75.0
45.0
15.0
37.5
37.5
37.5
45.0
37.5
43.75
37.5
37.5
46.88
45.0
41.5
3.75
18.75
21.25
45.0
45.0
42.5
37.5
56.25
23.25
8.12
7.5
53.13
11.25
52.5
42.5
37.5
21.87
18.75
42.5
25.0
42.5
68.75
43.75
20.75
42.5
37.5
37.5
42.5
27.5
41.5
43.75
79.16
20.75
14.16
21.25
50.0
37.5
81.25
200.0
10.38
41.25
127.5
32.25
20.75
67.28
37.5
20.75
53.12
200.0
42.5
20.75
32.65
41.5
20.75
37.5
20.75
20.75
37.5
16.88
41.5
31.25
37.5
42.5
577.5
41.5
20.75
37.5
91.66
42.5
37.5
200.0
550.0
41.5
21.25
35.0
63.75
55.0
7.5
57.5
41.5
7.5
7.5
57.0
7.5
41.5
7.5
66.0
1083.0
7.5
41.5
33.0
7.5
33.0
7.5
41.5
30.0
7.5
30.0
41.5
110.0
41.5
33.75
41.5
45.0
41.25
40.0
Savings
9.0
8.3
18.562
8.3
3.73
16.876
8.3
20.25
10.124
8.3
16.876
17.438
8.3
6.75
20.25
8.3
6.188000000000001
8.3
8.25
4.1240000000000006
2.0620000000000003
15.124000000000002
8.3
8.3
10.600000000000001
7.5
7.5
8.3
6.188000000000001
8.8
13.062000000000001
7.5
0.484
7.22
15.0
16.6
16.6
10.5
20.0
16.6
12.38
15.0
15.0
16.6
15.0
15.0
15.0
13.75
18.75
13.75
15.0
8.28
23.75
15.0
23.75
16.25
11.25
5.62
20.0
3.75
15.0
18.0
3.75
6.0
22.0
15.0
15.0
18.0
10.0
12.38
15.0
16.6
13.5
14.25
32.1
15.0
15.0
30.0
18.0
6.0
15.0
15.0
15.0
18.0
15.0
17.5
15.0
15.0
18.75
18.0
16.6
1.5
7.5
8.5
18.0
18.0
17.0
15.0
22.5
9.3
3.25
3.0
21.25
4.5
21.0
17.0
15.0
8.75
7.5
17.0
10.0
17.0
27.5
17.5
8.3
17.0
15.0
15.0
17.0
11.0
16.6
17.5
31.66
8.3
5.66
8.5
20.0
15.0
32.5
80.0
4.15
16.5
51.0
12.9
8.3
26.91
15.0
8.3
21.25
80.0
17.0
8.3
13.06
16.6
8.3
15.0
8.3
8.3
15.0
6.75
16.6
12.5
15.0
17.0
231.0
16.6
8.3
15.0
36.66
17.0
15.0
80.0
220.0
16.6
8.5
14.0
25.5
22.0
3.0
23.0
16.6
3.0
3.0
22.8
3.0
16.6
3.0
26.4
433.2
3.0
16.6
13.2
3.0
13.2
3.0
16.6
12.0
3.0
12.0
16.6
44.0
16.6
13.5
16.6
18.0
16.5
16.0
Expenses
11.36
25.26
28.97
10.78
10.78
15.04
200.0
15.04
16.11
22.95
9.0
3.15
98.84
150.0
27.14
300.0
94.62
92.81
10.0
10.0
10.0
10.0
32.38
8.0
53.0
14.77
86.66
90.62
21.03
4.87
100.0
4.0
195.0
35.0
20.0
67.66
35.32
23.34
5.48
20.0
20.0
3.22
20.0
10.0
23.47
142.0
100.0
77.66
10.0
9.91
3.36
20.0
53.17
12.11
20.0
142.0
15.38
80.0
20.0
10.0
10.0
16.47
20.0
35.0
28.93
13.98
42.89
14.99
9.91
20.0
100.0
108.06
5.0
79.95
57.8
20.0
292.04
142.0
23.0
20.0
62.0
19.4
29.7
20.0
336.96
167.0
100.0
43.78
97.4
27.96
20.0
49.49
142.0
30.0
25.0
17.55
26.78
9.82
25.0
31.95
66.0
12.99
0.99
24.53
190.55
176.7
279.86
31.98
5.0
84.09
49.44
23.59
3.56
35.25
9.98
12.0
9.98
35.25
71.66
15.0
104.41
82.12
38.77
32.04
11.55
13.97
100.0
116.53
